1111111111111111101010101010101011001100110011001001100110011001111100001111000010100101101001011100001111000011100101101001011011111111000000001010101001010101110011000011001110011001011001101111000000001111101001010101101011000011001111001001011001101001
0000000011111111010101011010101000110011110011000110011010011001000011111111000001011010101001010011110011000011011010011001011011111111111111111010101010101010110011001100110010011001100110011111000011110000101001011010010111000011110000111001011010010110
1111111111111111101010101010101011001100110011001001100110011001111100001111000010100101101001011100001111000011100101101001011000000000111111110101010110101010001100111100110001100110100110010000111111110000010110101010010100111100110000110110100110010110
1111111100000000101010100101010111001100001100111001100101100110111100000000111110100101010110101100001100111100100101100110100111111111111111111010101010101010110011001100110010011001100110011111000011110000101001011010010111000011110000111001011010010110
0000111100001111010110100101101000111100001111000110100101101001111111111111111110101010101010101100110011001100100110011001100100001111111100000101101010100101001111001100001101101001100101101111111100000000101010100101010111001100001100111001100101100110
1111000000001111101001010101101011000011001111001001011001101001000000001111111101010101101010100011001111001100011001101001100100001111000011110101101001011010001111000011110001101001011010011111111111111111101010101010101011001100110011001001100110011001
0000111100001111010110100101101000111100001111000110100101101001111111111111111110101010101010101100110011001100100110011001100111110000000011111010010101011010110000110011110010010110011010010000000011111111010101011010101000110011110011000110011010011001
0000111111110000010110101010010100111100110000110110100110010110111111110000000010101010010101011100110000110011100110010110011000001111000011110101101001011010001111000011110001101001011010011111111111111111101010101010101011001100110011001001100110011001
1111111111111111101010101010101011001100110011001001100110011001000011110000111101011010010110100011110000111100011010010110100111111111000000001010101001010101110011000011001110011001011001100000111111110000010110101010010100111100110000110110100110010110
0000000011111111010101011010101000110011110011000110011010011001111100000000111110100101010110101100001100111100100101100110100111111111111111111010101010101010110011001100110010011001100110010000111100001111010110100101101000111100001111000110100101101001
1111111111111111101010101010101011001100110011001001100110011001000011110000111101011010010110100011110000111100011010010110100100000000111111110101010110101010001100111100110001100110100110011111000000001111101001010101101011000011001111001001011001101001
1111111100000000101010100101010111001100001100111001100101100110000011111111000001011010101001010011110011000011011010011001011011111111111111111010101010101010110011001100110010011001100110010000111100001111010110100101101000111100001111000110100101101001
1111000011110000101001011010010111000011110000111001011010010110111111111111111110101010101010101100110011001100100110011001100111110000000011111010010101011010110000110011110010010110011010011111111100000000101010100101010111001100001100111001100101100110
0000111111110000010110101010010100111100110000110110100110010110000000001111111101010101101010100011001111001100011001101001100111110000111100001010010110100101110000111100001110010110100101101111111111111111101010101010101011001100110011001001100110011001
1111000011110000101001011010010111000011110000111001011010010110111111111111111110101010101010101100110011001100100110011001100100001111111100000101101010100101001111001100001101101001100101100000000011111111010101011010101000110011110011000110011010011001
1111000000001111101001010101101011000011001111001001011001101001111111110000000010101010010101011100110000110011100110010110011011110000111100001010010110100101110000111100001110010110100101101111111111111111101010101010101011001100110011001001100110011001
0011001100110011011001100110011011111111111111111010101010101010001111000011110001101001011010011111000011110000101001011010010100110011110011000110011010011001111111110000000010101010010101010011110011000011011010011001011011110000000011111010010101011010
1100110000110011100110010110011000000000111111110101010110101010110000110011110010010110011010010000111111110000010110101010010100110011001100110110011001100110111111111111111110101010101010100011110000111100011010010110100111110000111100001010010110100101
0011001100110011011001100110011011111111111111111010101010101010001111000011110001101001011010011111000011110000101001011010010111001100001100111001100101100110000000001111111101010101101010101100001100111100100101100110100100001111111100000101101010100101
0011001111001100011001101001100111111111000000001010101001010101001111001100001101101001100101101111000000001111101001010101101000110011001100110110011001100110111111111111111110101010101010100011110000111100011010010110100111110000111100001010010110100101
1100001111000011100101101001011000001111000011110101101001011010001100110011001101100110011001101111111111111111101010101010101011000011001111001001011001101001000011111111000001011010101001010011001111001100011001101001100111111111000000001010101001010101
0011110011000011011010011001011011110000000011111010010101011010110011000011001110011001011001100000000011111111010101011010101011000011110000111001011010010110000011110000111101011010010110100011001100110011011001100110011011111111111111111010101010101010
1100001111000011100101101001011000001111000011110101101001011010001100110011001101100110011001101111111111111111101010101010101000111100110000110110100110010110111100000000111110100101010110101100110000110011100110010110011000000000111111110101010110101010
1100001100111100100101100110100100001111111100000101101010100101001100111100110001100110100110011111111100000000101010100101010111000011110000111001011010010110000011110000111101011010010110100011001100110011011001100110011011111111111111111010101010101010
0011001100110011011001100110011011111111111111111010101010101010110000111100001110010110100101100000111100001111010110100101101000110011110011000110011010011001111111110000000010101010010101011100001100111100100101100110100100001111111100000101101010100101
1100110000110011100110010110011000000000111111110101010110101010001111001100001101101001100101101111000000001111101001010101101000110011001100110110011001100110111111111111111110101010101010101100001111000011100101101001011000001111000011110101101001011010
0011001100110011011001100110011011111111111111111010101010101010110000111100001110010110100101100000111100001111010110100101101011001100001100111001100101100110000000001111111101010101101010100011110011000011011010011001011011110000000011111010010101011010
0011001111001100011001101001100111111111000000001010101001010101110000110011110010010110011010010000111111110000010110101010010100110011001100110110011001100110111111111111111110101010101010101100001111000011100101101001011000001111000011110101101001011010
0011110000111100011010010110100111110000111100001010010110100101001100110011001101100110011001101111111111111111101010101010101000111100110000110110100110010110111100000000111110100101010110100011001111001100011001101001100111111111000000001010101001010101
1100001100111100100101100110100100001111111100000101101010100101110011000011001110011001011001100000000011111111010101011010101000111100001111000110100101101001111100001111000010100101101001010011001100110011011001100110011011111111111111111010101010101010
0011110000111100011010010110100111110000111100001010010110100101001100110011001101100110011001101111111111111111101010101010101011000011001111001001011001101001000011111111000001011010101001011100110000110011100110010110011000000000111111110101010110101010
0011110011000011011010011001011011110000000011111010010101011010001100111100110001100110100110011111111100000000101010100101010100111100001111000110100101101001111100001111000010100101101001010011001100110011011001100110011011111111111111111010101010101010
1111111111111111101010101010101000110011001100110110011001100110111100001111000010100101101001010011110000111100011010010110100111111111000000001010101001010101001100111100110001100110100110011111000000001111101001010101101000111100110000110110100110010110
0000000011111111010101011010101011001100001100111001100101100110000011111111000001011010101001011100001100111100100101100110100111111111111111111010101010101010001100110011001101100110011001101111000011110000101001011010010100111100001111000110100101101001
1111111111111111101010101010101000110011001100110110011001100110111100001111000010100101101001010011110000111100011010010110100100000000111111110101010110101010110011000011001110011001011001100000111111110000010110101010010111000011001111001001011001101001
1111111100000000101010100101010100110011110011000110011010011001111100000000111110100101010110100011110011000011011010011001011011111111111111111010101010101010001100110011001101100110011001101111000011110000101001011010010100111100001111000110100101101001
0000111100001111010110100101101011000011110000111001011010010110111111111111111110101010101010100011001100110011011001100110011000001111111100000101101010100101110000110011110010010110011010011111111100000000101010100101010100110011110011000110011010011001
1111000000001111101001010101101000111100110000110110100110010110000000001111111101010101101010101100110000110011100110010110011000001111000011110101101001011010110000111100001110010110100101101111111111111111101010101010101000110011001100110110011001100110
0000111100001111010110100101101011000011110000111001011010010110111111111111111110101010101010100011001100110011011001100110011011110000000011111010010101011010001111001100001101101001100101100000000011111111010101011010101011001100001100111001100101100110
0000111111110000010110101010010111000011001111001001011001101001111111110000000010101010010101010011001111001100011001101001100100001111000011110101101001011010110000111100001110010110100101101111111111111111101010101010101000110011001100110110011001100110
1111111111111111101010101010101000110011001100110110011001100110000011110000111101011010010110101100001111000011100101101001011011111111000000001010101001010101001100111100110001100110100110010000111111110000010110101010010111000011001111001001011001101001
0000000011111111010101011010101011001100001100111001100101100110111100000000111110100101010110100011110011000011011010011001011011111111111111111010101010101010001100110011001101100110011001100000111100001111010110100101101011000011110000111001011010010110
1111111111111111101010101010101000110011001100110110011001100110000011110000111101011010010110101100001111000011100101101001011000000000111111110101010110101010110011000011001110011001011001101111000000001111101001010101101000111100110000110110100110010110
1111111100000000101010100101010100110011110011000110011010011001000011111111000001011010101001011100001100111100100101100110100111111111111111111010101010101010001100110011001101100110011001100000111100001111010110100101101011000011110000111001011010010110
1111000011110000101001011010010100111100001111000110100101101001111111111111111110101010101010100011001100110011011001100110011011110000000011111010010101011010001111001100001101101001100101101111111100000000101010100101010100110011110011000110011010011001
0000111111110000010110101010010111000011001111001001011001101001000000001111111101010101101010101100110000110011100110010110011011110000111100001010010110100101001111000011110001101001011010011111111111111111101010101010101000110011001100110110011001100110
1111000011110000101001011010010100111100001111000110100101101001111111111111111110101010101010100011001100110011011001100110011000001111111100000101101010100101110000110011110010010110011010010000000011111111010101011010101011001100001100111001100101100110
1111000000001111101001010101101000111100110000110110100110010110111111110000000010101010010101010011001111001100011001101001100111110000111100001010010110100101001111000011110001101001011010011111111111111111101010101010101000110011001100110110011001100110
1100110011001100100110011001100111111111111111111010101010101010110000111100001110010110100101101111000011110000101001011010010111001100001100111001100101100110111111110000000010101010010101011100001100111100100101100110100111110000000011111010010101011010
0011001111001100011001101001100100000000111111110101010110101010001111001100001101101001100101100000111111110000010110101010010111001100110011001001100110011001111111111111111110101010101010101100001111000011100101101001011011110000111100001010010110100101
1100110011001100100110011001100111111111111111111010101010101010110000111100001110010110100101101111000011110000101001011010010100110011110011000110011010011001000000001111111101010101101010100011110011000011011010011001011000001111111100000101101010100101
1100110000110011100110010110011011111111000000001010101001010101110000110011110010010110011010011111000000001111101001010101101011001100110011001001100110011001111111111111111110101010101010101100001111000011100101101001011011110000111100001010010110100101
0011110000111100011010010110100100001111000011110101101001011010110011001100110010011001100110011111111111111111101010101010101000111100110000110110100110010110000011111111000001011010101001011100110000110011100110010110011011111111000000001010101001010101
1100001100111100100101100110100111110000000011111010010101011010001100111100110001100110100110010000000011111111010101011010101000111100001111000110100101101001000011110000111101011010010110101100110011001100100110011001100111111111111111111010101010101010
0011110000111100011010010110100100001111000011110101101001011010110011001100110010011001100110011111111111111111101010101010101011000011001111001001011001101001111100000000111110100101010110100011001111001100011001101001100100000000111111110101010110101010
0011110011000011011010011001011000001111111100000101101010100101110011000011001110011001011001101111111100000000101010100101010100111100001111000110100101101001000011110000111101011010010110101100110011001100100110011001100111111111111111111010101010101010
1100110011001100100110011001100111111111111111111010101010101010001111000011110001101001011010010000111100001111010110100101101011001100001100111001100101100110111111110000000010101010010101010011110011000011011010011001011000001111111100000101101010100101
0011001111001100011001101001100100000000111111110101010110101010110000110011110010010110011010011111000000001111101001010101101011001100110011001001100110011001111111111111111110101010101010100011110000111100011010010110100100001111000011110101101001011010
1100110011001100100110011001100111111111111111111010101010101010001111000011110001101001011010010000111100001111010110100101101000110011110011000110011010011001000000001111111101010101101010101100001100111100100101100110100111110000000011111010010101011010
1100110000110011100110010110011011111111000000001010101001010101001111001100001101101001100101100000111111110000010110101010010111001100110011001001100110011001111111111111111110101010101010100011110000111100011010010110100100001111000011110101101001011010
1100001111000011100101101001011011110000111100001010010110100101110011001100110010011001100110011111111111111111101010101010101011000011001111001001011001101001111100000000111110100101010110101100110000110011100110010110011011111111000000001010101001010101
0011110011000011011010011001011000001111111100000101101010100101001100111100110001100110100110010000000011111111010101011010101011000011110000111001011010010110111100001111000010100101101001011100110011001100100110011001100111111111111111111010101010101010
1100001111000011100101101001011011110000111100001010010110100101110011001100110010011001100110011111111111111111101010101010101000111100110000110110100110010110000011111111000001011010101001010011001111001100011001101001100100000000111111110101010110101010
1100001100111100100101100110100111110000000011111010010101011010110011000011001110011001011001101111111100000000101010100101010111000011110000111001011010010110111100001111000010100101101001011100110011001100100110011001100111111111111111111010101010101010
0101010101010101111111111111111101100110011001101100110011001100010110100101101011110000111100000110100101101001110000111100001101010101101010101111111100000000011001101001100111001100001100110101101010100101111100000000111101101001100101101100001100111100
1010101001010101000000001111111110011001011001100011001111001100101001010101101000001111111100001001011001101001001111001100001101010101010101011111111111111111011001100110011011001100110011000101101001011010111100001111000001101001011010011100001111000011
0101010101010101111111111111111101100110011001101100110011001100010110100101101011110000111100000110100101101001110000111100001110101010010101010000000011111111100110010110011000110011110011001010010101011010000011111111000010010110011010010011110011000011
0101010110101010111111110000000001100110100110011100110000110011010110101010010111110000000011110110100110010110110000110011110001010101010101011111111111111111011001100110011011001100110011000101101001011010111100001111000001101001011010011100001111000011
1010010110100101000011110000111110010110100101100011110000111100010101010101010111111111111111110110011001100110110011001100110010100101010110100000111111110000100101100110100100111100110000110101010110101010111111110000000001100110100110011100110000110011
0101101010100101111100000000111101101001100101101100001100111100101010100101010100000000111111111001100101100110001100111100110010100101101001010000111100001111100101101001011000111100001111000101010101010101111111111111111101100110011001101100110011001100
1010010110100101000011110000111110010110100101100011110000111100010101010101010111111111111111110110011001100110110011001100110001011010101001011111000000001111011010011001011011000011001111001010101001010101000000001111111110011001011001100011001111001100
1010010101011010000011111111000010010110011010010011110011000011010101011010101011111111000000000110011010011001110011000011001110100101101001010000111100001111100101101001011000111100001111000101010101010101111111111111111101100110011001101100110011001100
0101010101010101111111111111111101100110011001101100110011001100101001011010010100001111000011111001011010010110001111000011110001010101101010101111111100000000011001101001100111001100001100111010010101011010000011111111000010010110011010010011110011000011
1010101001010101000000001111111110011001011001100011001111001100010110101010010111110000000011110110100110010110110000110011110001010101010101011111111111111111011001100110011011001100110011001010010110100101000011110000111110010110100101100011110000111100
0101010101010101111111111111111101100110011001101100110011001100101001011010010100001111000011111001011010010110001111000011110010101010010101010000000011111111100110010110011000110011110011000101101010100101111100000000111101101001100101101100001100111100
0101010110101010111111110000000001100110100110011100110000110011101001010101101000001111111100001001011001101001001111001100001101010101010101011111111111111111011001100110011011001100110011001010010110100101000011110000111110010110100101100011110000111100
0101101001011010111100001111000001101001011010011100001111000011010101010101010111111111111111110110011001100110110011001100110001011010101001011111000000001111011010011001011011000011001111000101010110101010111111110000000001100110100110011100110000110011
1010010101011010000011111111000010010110011010010011110011000011101010100101010100000000111111111001100101100110001100111100110001011010010110101111000011110000011010010110100111000011110000110101010101010101111111111111111101100110011001101100110011001100
0101101001011010111100001111000001101001011010011100001111000011010101010101010111111111111111110110011001100110110011001100110010100101010110100000111111110000100101100110100100111100110000111010101001010101000000001111111110011001011001100011001111001100
0101101010100101111100000000111101101001100101101100001100111100010101011010101011111111000000000110011010011001110011000011001101011010010110101111000011110000011010010110100111000011110000110101010101010101111111111111111101100110011001101100110011001100
1001100110011001001100110011001101010101010101011111111111111111100101101001011000111100001111000101101001011010111100001111000010011001011001100011001111001100010101011010101011111111000000001001011001101001001111001100001101011010101001011111000000001111
0110011010011001110011000011001110101010010101010000000011111111011010011001011011000011001111001010010101011010000011111111000010011001100110010011001100110011010101010101010111111111111111111001011010010110001111000011110001011010010110101111000011110000
1001100110011001001100110011001101010101010101011111111111111111100101101001011000111100001111000101101001011010111100001111000001100110100110011100110000110011101010100101010100000000111111110110100110010110110000110011110010100101010110100000111111110000
1001100101100110001100111100110001010101101010101111111100000000100101100110100100111100110000110101101010100101111100000000111110011001100110010011001100110011010101010101010111111111111111111001011010010110001111000011110001011010010110101111000011110000
0110100101101001110000111100001110100101101001010000111100001111100110011001100100110011001100110101010101010101111111111111111101101001100101101100001100111100101001010101101000001111111100001001100101100110001100111100110001010101101010101111111100000000
1001011001101001001111001100001101011010101001011111000000001111011001101001100111001100001100111010101001010101000000001111111101101001011010011100001111000011101001011010010100001111000011111001100110011001001100110011001101010101010101011111111111111111
0110100101101001110000111100001110100101101001010000111100001111100110011001100100110011001100110101010101010101111111111111111110010110011010010011110011000011010110101010010111110000000011110110011010011001110011000011001110101010010101010000000011111111
0110100110010110110000110011110010100101010110100000111111110000100110010110011000110011110011000101010110101010111111110000000001101001011010011100001111000011101001011010010100001111000011111001100110011001001100110011001101010101010101011111111111111111
1001100110011001001100110011001101010101010101011111111111111111011010010110100111000011110000111010010110100101000011110000111110011001011001100011001111001100010101011010101011111111000000000110100110010110110000110011110010100101010110100000111111110000
0110011010011001110011000011001110101010010101010000000011111111100101100110100100111100110000110101101010100101111100000000111110011001100110010011001100110011010101010101010111111111111111110110100101101001110000111100001110100101101001010000111100001111
1001100110011001001100110011001101010101010101011111111111111111011010010110100111000011110000111010010110100101000011110000111101100110100110011100110000110011101010100101010100000000111111111001011001101001001111001100001101011010101001011111000000001111
1001100101100110001100111100110001010101101010101111111100000000011010011001011011000011001111001010010101011010000011111111000010011001100110010011001100110011010101010101010111111111111111110110100101101001110000111100001110100101101001010000111100001111
1001011010010110001111000011110001011010010110101111000011110000100110011001100100110011001100110101010101010101111111111111111110010110011010010011110011000011010110101010010111110000000011111001100101100110001100111100110001010101101010101111111100000000
0110100110010110110000110011110010100101010110100000111111110000011001101001100111001100001100111010101001010101000000001111111110010110100101100011110000111100010110100101101011110000111100001001100110011001001100110011001101010101010101011111111111111111
1001011010010110001111000011110001011010010110101111000011110000100110011001100100110011001100110101010101010101111111111111111101101001100101101100001100111100101001010101101000001111111100000110011010011001110011000011001110101010010101010000000011111111
1001011001101001001111001100001101011010101001011111000000001111100110010110011000110011110011000101010110101010111111110000000010010110100101100011110000111100010110100101101011110000111100001001100110011001001100110011001101010101010101011111111111111111
0101010101010101111111111111111110011001100110010011001100110011010110100101101011110000111100001001011010010110001111000011110001010101101010101111111100000000100110010110011000110011110011000101101010100101111100000000111110010110011010010011110011000011
1010101001010101000000001111111101100110100110011100110000110011101001010101101000001111111100000110100110010110110000110011110001010101010101011111111111111111100110011001100100110011001100110101101001011010111100001111000010010110100101100011110000111100
0101010101010101111111111111111110011001100110010011001100110011010110100101101011110000111100001001011010010110001111000011110010101010010101010000000011111111011001101001100111001100001100111010010101011010000011111111000001101001100101101100001100111100
0101010110101010111111110000000010011001011001100011001111001100010110101010010111110000000011111001011001101001001111001100001101010101010101011111111111111111100110011001100100110011001100110101101001011010111100001111000010010110100101100011110000111100
1010010110100101000011110000111101101001011010011100001111000011010101010101010111111111111111111001100110011001001100110011001110100101010110100000111111110000011010011001011011000011001111000101010110101010111111110000000010011001011001100011001111001100
0101101010100101111100000000111110010110011010010011110011000011101010100101010100000000111111110110011010011001110011000011001110100101101001010000111100001111011010010110100111000011110000110101010101010101111111111111111110011001100110010011001100110011
1010010110100101000011110000111101101001011010011100001111000011010101010101010111111111111111111001100110011001001100110011001101011010101001011111000000001111100101100110100100111100110000111010101001010101000000001111111101100110100110011100110000110011
1010010101011010000011111111000001101001100101101100001100111100010101011010101011111111000000001001100101100110001100111100110010100101101001010000111100001111011010010110100111000011110000110101010101010101111111111111111110011001100110010011001100110011
0101010101010101111111111111111110011001100110010011001100110011101001011010010100001111000011110110100101101001110000111100001101010101101010101111111100000000100110010110011000110011110011001010010101011010000011111111000001101001100101101100001100111100
1010101001010101000000001111111101100110100110011100110000110011010110101010010111110000000011111001011001101001001111001100001101010101010101011111111111111111100110011001100100110011001100111010010110100101000011110000111101101001011010011100001111000011
0101010101010101111111111111111110011001100110010011001100110011101001011010010100001111000011110110100101101001110000111100001110101010010101010000000011111111011001101001100111001100001100110101101010100101111100000000111110010110011010010011110011000011
0101010110101010111111110000000010011001011001100011001111001100101001010101101000001111111100000110100110010110110000110011110001010101010101011111111111111111100110011001100100110011001100111010010110100101000011110000111101101001011010011100001111000011
0101101001011010111100001111000010010110100101100011110000111100010101010101010111111111111111111001100110011001001100110011001101011010101001011111000000001111100101100110100100111100110000110101010110101010111111110000000010011001011001100011001111001100
1010010101011010000011111111000001101001100101101100001100111100101010100101010100000000111111110110011010011001110011000011001101011010010110101111000011110000100101101001011000111100001111000101010101010101111111111111111110011001100110010011001100110011
0101101001011010111100001111000010010110100101100011110000111100010101010101010111111111111111111001100110011001001100110011001110100101010110100000111111110000011010011001011011000011001111001010101001010101000000001111111101100110100110011100110000110011
0101101010100101111100000000111110010110011010010011110011000011010101011010101011111111000000001001100101100110001100111100110001011010010110101111000011110000100101101001011000111100001111000101010101010101111111111111111110011001100110010011001100110011
0110011001100110110011001100110001010101010101011111111111111111011010010110100111000011110000110101101001011010111100001111000001100110100110011100110000110011010101011010101011111111000000000110100110010110110000110011110001011010101001011111000000001111
1001100101100110001100111100110010101010010101010000000011111111100101100110100100111100110000111010010101011010000011111111000001100110011001101100110011001100010101010101010111111111111111110110100101101001110000111100001101011010010110101111000011110000
0110011001100110110011001100110001010101010101011111111111111111011010010110100111000011110000110101101001011010111100001111000010011001011001100011001111001100101010100101010100000000111111111001011001101001001111001100001110100101010110100000111111110000
0110011010011001110011000011001101010101101010101111111100000000011010011001011011000011001111000101101010100101111100000000111101100110011001101100110011001100010101010101010111111111111111110110100101101001110000111100001101011010010110101111000011110000
1001011010010110001111000011110010100101101001010000111100001111011001100110011011001100110011000101010101010101111111111111111110010110011010010011110011000011101001010101101000001111111100000110011010011001110011000011001101010101101010101111111100000000
0110100110010110110000110011110001011010101001011111000000001111100110010110011000110011110011001010101001010101000000001111111110010110100101100011110000111100101001011010010100001111000011110110011001100110110011001100110001010101010101011111111111111111
1001011010010110001111000011110010100101101001010000111100001111011001100110011011001100110011000101010101010101111111111111111101101001100101101100001100111100010110101010010111110000000011111001100101100110001100111100110010101010010101010000000011111111
1001011001101001001111001100001110100101010110100000111111110000011001101001100111001100001100110101010110101010111111110000000010010110100101100011110000111100101001011010010100001111000011110110011001100110110011001100110001010101010101011111111111111111
0110011001100110110011001100110001010101010101011111111111111111100101101001011000111100001111001010010110100101000011110000111101100110100110011100110000110011010101011010101011111111000000001001011001101001001111001100001110100101010110100000111111110000
1001100101100110001100111100110010101010010101010000000011111111011010011001011011000011001111000101101010100101111100000000111101100110011001101100110011001100010101010101010111111111111111111001011010010110001111000011110010100101101001010000111100001111
0110011001100110110011001100110001010101010101011111111111111111100101101001011000111100001111001010010110100101000011110000111110011001011001100011001111001100101010100101010100000000111111110110100110010110110000110011110001011010101001011111000000001111
0110011010011001110011000011001101010101101010101111111100000000100101100110100100111100110000111010010101011010000011111111000001100110011001101100110011001100010101010101010111111111111111111001011010010110001111000011110010100101101001010000111100001111
0110100101101001110000111100001101011010010110101111000011110000011001100110011011001100110011000101010101010101111111111111111101101001100101101100001100111100010110101010010111110000000011110110011010011001110011000011001101010101101010101111111100000000
1001011001101001001111001100001110100101010110100000111111110000100110010110011000110011110011001010101001010101000000001111111101101001011010011100001111000011010110100101101011110000111100000110011001100110110011001100110001010101010101011111111111111111
0110100101101001110000111100001101011010010110101111000011110000011001100110011011001100110011000101010101010101111111111111111110010110011010010011110011000011101001010101101000001111111100001001100101100110001100111100110010101010010101010000000011111111
0110100110010110110000110011110001011010101001011111000000001111011001101001100111001100001100110101010110101010111111110000000001101001011010011100001111000011010110100101101011110000111100000110011001100110110011001100110001010101010101011111111111111111
1111111111111111010101010101010111001100110011000110011001100110111100001111000001011010010110101100001111000011011010010110100111111111000000000101010110101010110011000011001101100110100110011111000000001111010110101010010111000011001111000110100110010110
0000000011111111101010100101010100110011110011001001100101100110000011111111000010100101010110100011110011000011100101100110100111111111111111110101010101010101110011001100110001100110011001101111000011110000010110100101101011000011110000110110100101101001
1111111111111111010101010101010111001100110011000110011001100110111100001111000001011010010110101100001111000011011010010110100100000000111111111010101001010101001100111100110010011001011001100000111111110000101001010101101000111100110000111001011001101001
1111111100000000010101011010101011001100001100110110011010011001111100000000111101011010101001011100001100111100011010011001011011111111111111110101010101010101110011001100110001100110011001101111000011110000010110100101101011000011110000110110100101101001
0000111100001111101001011010010100111100001111001001011010010110111111111111111101010101010101011100110011001100011001100110011000001111111100001010010101011010001111001100001110010110011010011111111100000000010101011010101011001100001100110110011010011001
1111000000001111010110101010010111000011001111000110100110010110000000001111111110101010010101010011001111001100100110010110011000001111000011111010010110100101001111000011110010010110100101101111111111111111010101010101010111001100110011000110011001100110
0000111100001111101001011010010100111100001111001001011010010110111111111111111101010101010101011100110011001100011001100110011011110000000011110101101010100101110000110011110001101001100101100000000011111111101010100101010100110011110011001001100101100110
0000111111110000101001010101101000111100110000111001011001101001111111110000000001010101101010101100110000110011011001101001100100001111000011111010010110100101001111000011110010010110100101101111111111111111010101010101010111001100110011000110011001100110
1111111111111111010101010101010111001100110011000110011001100110000011110000111110100101101001010011110000111100100101101001011011111111000000000101010110101010110011000011001101100110100110010000111111110000101001010101101000111100110000111001011001101001
0000000011111111101010100101010100110011110011001001100101100110111100000000111101011010101001011100001100111100011010011001011011111111111111110101010101010101110011001100110001100110011001100000111100001111101001011010010100111100001111001001011010010110
1111111111111111010101010101010111001100110011000110011001100110000011110000111110100101101001010011110000111100100101101001011000000000111111111010101001010101001100111100110010011001011001101111000000001111010110101010010111000011001111000110100110010110
1111111100000000010101011010101011001100001100110110011010011001000011111111000010100101010110100011110011000011100101100110100111111111111111110101010101010101110011001100110001100110011001100000111100001111101001011010010100111100001111001001011010010110
1111000011110000010110100101101011000011110000110110100101101001111111111111111101010101010101011100110011001100011001100110011011110000000011110101101010100101110000110011110001101001100101101111111100000000010101011010101011001100001100110110011010011001
0000111111110000101001010101101000111100110000111001011001101001000000001111111110101010010101010011001111001100100110010110011011110000111100000101101001011010110000111100001101101001011010011111111111111111010101010101010111001100110011000110011001100110
1111000011110000010110100101101011000011110000110110100101101001111111111111111101010101010101011100110011001100011001100110011000001111111100001010010101011010001111001100001110010110011010010000000011111111101010100101010100110011110011001001100101100110
1111000000001111010110101010010111000011001111000110100110010110111111110000000001010101101010101100110000110011011001101001100111110000111100000101101001011010110000111100001101101001011010011111111111111111010101010101010111001100110011000110011001100110
0011001100110011100110011001100111111111111111110101010101010101001111000011110010010110100101101111000011110000010110100101101000110011110011001001100101100110111111110000000001010101101010100011110011000011100101100110100111110000000011110101101010100101
1100110000110011011001101001100100000000111111111010101001010101110000110011110001101001100101100000111111110000101001010101101000110011001100111001100110011001111111111111111101010101010101010011110000111100100101101001011011110000111100000101101001011010
0011001100110011100110011001100111111111111111110101010101010101001111000011110010010110100101101111000011110000010110100101101011001100001100110110011010011001000000001111111110101010010101011100001100111100011010011001011000001111111100001010010101011010
0011001111001100100110010110011011111111000000000101010110101010001111001100001110010110011010011111000000001111010110101010010100110011001100111001100110011001111111111111111101010101010101010011110000111100100101101001011011110000111100000101101001011010
1100001111000011011010010110100100001111000011111010010110100101001100110011001110011001100110011111111111111111010101010101010111000011001111000110100110010110000011111111000010100101010110100011001111001100100110010110011011111111000000000101010110101010
0011110011000011100101100110100111110000000011110101101010100101110011000011001101100110100110010000000011111111101010100101010111000011110000110110100101101001000011110000111110100101101001010011001100110011100110011001100111111111111111110101010101010101
1100001111000011011010010110100100001111000011111010010110100101001100110011001110011001100110011111111111111111010101010101010100111100110000111001011001101001111100000000111101011010101001011100110000110011011001101001100100000000111111111010101001010101
1100001100111100011010011001011000001111111100001010010101011010001100111100110010011001011001101111111100000000010101011010101011000011110000110110100101101001000011110000111110100101101001010011001100110011100110011001100111111111111111110101010101010101
0011001100110011100110011001100111111111111111110101010101010101110000111100001101101001011010010000111100001111101001011010010100110011110011001001100101100110111111110000000001010101101010101100001100111100011010011001011000001111111100001010010101011010
1100110000110011011001101001100100000000111111111010101001010101001111001100001110010110011010011111000000001111010110101010010100110011001100111001100110011001111111111111111101010101010101011100001111000011011010010110100100001111000011111010010110100101
0011001100110011100110011001100111111111111111110101010101010101110000111100001101101001011010010000111100001111101001011010010111001100001100110110011010011001000000001111111110101010010101010011110011000011100101100110100111110000000011110101101010100101
0011001111001100100110010110011011111111000000000101010110101010110000110011110001101001100101100000111111110000101001010101101000110011001100111001100110011001111111111111111101010101010101011100001111000011011010010110100100001111000011111010010110100101
0011110000111100100101101001011011110000111100000101101001011010001100110011001110011001100110011111111111111111010101010101010100111100110000111001011001101001111100000000111101011010101001010011001111001100100110010110011011111111000000000101010110101010
1100001100111100011010011001011000001111111100001010010101011010110011000011001101100110100110010000000011111111101010100101010100111100001111001001011010010110111100001111000001011010010110100011001100110011100110011001100111111111111111110101010101010101
0011110000111100100101101001011011110000111100000101101001011010001100110011001110011001100110011111111111111111010101010101010111000011001111000110100110010110000011111111000010100101010110101100110000110011011001101001100100000000111111111010101001010101
0011110011000011100101100110100111110000000011110101101010100101001100111100110010011001011001101111111100000000010101011010101000111100001111001001011010010110111100001111000001011010010110100011001100110011100110011001100111111111111111110101010101010101
1111111111111111010101010101010100110011001100111001100110011001111100001111000001011010010110100011110000111100100101101001011011111111000000000101010110101010001100111100110010011001011001101111000000001111010110101010010100111100110000111001011001101001
0000000011111111101010100101010111001100001100110110011010011001000011111111000010100101010110101100001100111100011010011001011011111111111111110101010101010101001100110011001110011001100110011111000011110000010110100101101000111100001111001001011010010110
1111111111111111010101010101010100110011001100111001100110011001111100001111000001011010010110100011110000111100100101101001011000000000111111111010101001010101110011000011001101100110100110010000111111110000101001010101101011000011001111000110100110010110
1111111100000000010101011010101000110011110011001001100101100110111100000000111101011010101001010011110011000011100101100110100111111111111111110101010101010101001100110011001110011001100110011111000011110000010110100101101000111100001111001001011010010110
0000111100001111101001011010010111000011110000110110100101101001111111111111111101010101010101010011001100110011100110011001100100001111111100001010010101011010110000110011110001101001100101101111111100000000010101011010101000110011110011001001100101100110
1111000000001111010110101010010100111100110000111001011001101001000000001111111110101010010101011100110000110011011001101001100100001111000011111010010110100101110000111100001101101001011010011111111111111111010101010101010100110011001100111001100110011001
0000111100001111101001011010010111000011110000110110100101101001111111111111111101010101010101010011001100110011100110011001100111110000000011110101101010100101001111001100001110010110011010010000000011111111101010100101010111001100001100110110011010011001
0000111111110000101001010101101011000011001111000110100110010110111111110000000001010101101010100011001111001100100110010110011000001111000011111010010110100101110000111100001101101001011010011111111111111111010101010101010100110011001100111001100110011001
1111111111111111010101010101010100110011001100111001100110011001000011110000111110100101101001011100001111000011011010010110100111111111000000000101010110101010001100111100110010011001011001100000111111110000101001010101101011000011001111000110100110010110
0000000011111111101010100101010111001100001100110110011010011001111100000000111101011010101001010011110011000011100101100110100111111111111111110101010101010101001100110011001110011001100110010000111100001111101001011010010111000011110000110110100101101001
1111111111111111010101010101010100110011001100111001100110011001000011110000111110100101101001011100001111000011011010010110100100000000111111111010101001010101110011000011001101100110100110011111000000001111010110101010010100111100110000111001011001101001
1111111100000000010101011010101000110011110011001001100101100110000011111111000010100101010110101100001100111100011010011001011011111111111111110101010101010101001100110011001110011001100110010000111100001111101001011010010111000011110000110110100101101001
1111000011110000010110100101101000111100001111001001011010010110111111111111111101010101010101010011001100110011100110011001100111110000000011110101101010100101001111001100001110010110011010011111111100000000010101011010101000110011110011001001100101100110
0000111111110000101001010101101011000011001111000110100110010110000000001111111110101010010101011100110000110011011001101001100111110000111100000101101001011010001111000011110010010110100101101111111111111111010101010101010100110011001100111001100110011001
1111000011110000010110100101101000111100001111001001011010010110111111111111111101010101010101010011001100110011100110011001100100001111111100001010010101011010110000110011110001101001100101100000000011111111101010100101010111001100001100110110011010011001
1111000000001111010110101010010100111100110000111001011001101001111111110000000001010101101010100011001111001100100110010110011011110000111100000101101001011010001111000011110010010110100101101111111111111111010101010101010100110011001100111001100110011001
1100110011001100011001100110011011111111111111110101010101010101110000111100001101101001011010011111000011110000010110100101101011001100001100110110011010011001111111110000000001010101101010101100001100111100011010011001011011110000000011110101101010100101
0011001111001100100110010110011000000000111111111010101001010101001111001100001110010110011010010000111111110000101001010101101011001100110011000110011001100110111111111111111101010101010101011100001111000011011010010110100111110000111100000101101001011010
1100110011001100011001100110011011111111111111110101010101010101110000111100001101101001011010011111000011110000010110100101101000110011110011001001100101100110000000001111111110101010010101010011110011000011100101100110100100001111111100001010010101011010
1100110000110011011001101001100111111111000000000101010110101010110000110011110001101001100101101111000000001111010110101010010111001100110011000110011001100110111111111111111101010101010101011100001111000011011010010110100111110000111100000101101001011010
0011110000111100100101101001011000001111000011111010010110100101110011001100110001100110011001101111111111111111010101010101010100111100110000111001011001101001000011111111000010100101010110101100110000110011011001101001100111111111000000000101010110101010
1100001100111100011010011001011011110000000011110101101010100101001100111100110010011001011001100000000011111111101010100101010100111100001111001001011010010110000011110000111110100101101001011100110011001100011001100110011011111111111111110101010101010101
0011110000111100100101101001011000001111000011111010010110100101110011001100110001100110011001101111111111111111010101010101010111000011001111000110100110010110111100000000111101011010101001010011001111001100100110010110011000000000111111111010101001010101
0011110011000011100101100110100100001111111100001010010101011010110011000011001101100110100110011111111100000000010101011010101000111100001111001001011010010110000011110000111110100101101001011100110011001100011001100110011011111111111111110101010101010101
1100110011001100011001100110011011111111111111110101010101010101001111000011110010010110100101100000111100001111101001011010010111001100001100110110011010011001111111110000000001010101101010100011110011000011100101100110100100001111111100001010010101011010
0011001111001100100110010110011000000000111111111010101001010101110000110011110001101001100101101111000000001111010110101010010111001100110011000110011001100110111111111111111101010101010101010011110000111100100101101001011000001111000011111010010110100101
1100110011001100011001100110011011111111111111110101010101010101001111000011110010010110100101100000111100001111101001011010010100110011110011001001100101100110000000001111111110101010010101011100001100111100011010011001011011110000000011110101101010100101
1100110000110011011001101001100111111111000000000101010110101010001111001100001110010110011010010000111111110000101001010101101011001100110011000110011001100110111111111111111101010101010101010011110000111100100101101001011000001111000011111010010110100101
1100001111000011011010010110100111110000111100000101101001011010110011001100110001100110011001101111111111111111010101010101010111000011001111000110100110010110111100000000111101011010101001011100110000110011011001101001100111111111000000000101010110101010
0011110011000011100101100110100100001111111100001010010101011010001100111100110010011001011001100000000011111111101010100101010111000011110000110110100101101001111100001111000001011010010110101100110011001100011001100110011011111111111111110101010101010101
1100001111000011011010010110100111110000111100000101101001011010110011001100110001100110011001101111111111111111010101010101010100111100110000111001011001101001000011111111000010100101010110100011001111001100100110010110011000000000111111111010101001010101
1100001100111100011010011001011011110000000011110101101010100101110011000011001101100110100110011111111100000000010101011010101011000011110000110110100101101001111100001111000001011010010110101100110011001100011001100110011011111111111111110101010101010101
1010101010101010111111111111111110011001100110011100110011001100101001011010010111110000111100001001011010010110110000111100001110101010010101011111111100000000100110010110011011001100001100111010010101011010111100000000111110010110011010011100001100111100
0101010110101010000000001111111101100110100110010011001111001100010110101010010100001111111100000110100110010110001111001100001110101010101010101111111111111111100110011001100111001100110011001010010110100101111100001111000010010110100101101100001111000011
1010101010101010111111111111111110011001100110011100110011001100101001011010010111110000111100001001011010010110110000111100001101010101101010100000000011111111011001101001100100110011110011000101101010100101000011111111000001101001100101100011110011000011
1010101001010101111111110000000010011001011001101100110000110011101001010101101011110000000011111001011001101001110000110011110010101010101010101111111111111111100110011001100111001100110011001010010110100101111100001111000010010110100101101100001111000011
0101101001011010000011110000111101101001011010010011110000111100101010101010101011111111111111111001100110011001110011001100110001011010101001010000111111110000011010011001011000111100110000111010101001010101111111110000000010011001011001101100110000110011
1010010101011010111100000000111110010110011010011100001100111100010101011010101000000000111111110110011010011001001100111100110001011010010110100000111100001111011010010110100100111100001111001010101010101010111111111111111110011001100110011100110011001100
0101101001011010000011110000111101101001011010010011110000111100101010101010101011111111111111111001100110011001110011001100110010100101010110101111000000001111100101100110100111000011001111000101010110101010000000001111111101100110100110010011001111001100
0101101010100101000011111111000001101001100101100011110011000011101010100101010111111111000000001001100101100110110011000011001101011010010110100000111100001111011010010110100100111100001111001010101010101010111111111111111110011001100110011100110011001100
1010101010101010111111111111111110011001100110011100110011001100010110100101101000001111000011110110100101101001001111000011110010101010010101011111111100000000100110010110011011001100001100110101101010100101000011111111000001101001100101100011110011000011
0101010110101010000000001111111101100110100110010011001111001100101001010101101011110000000011111001011001101001110000110011110010101010101010101111111111111111100110011001100111001100110011000101101001011010000011110000111101101001011010010011110000111100
1010101010101010111111111111111110011001100110011100110011001100010110100101101000001111000011110110100101101001001111000011110001010101101010100000000011111111011001101001100100110011110011001010010101011010111100000000111110010110011010011100001100111100
1010101001010101111111110000000010011001011001101100110000110011010110101010010100001111111100000110100110010110001111001100001110101010101010101111111111111111100110011001100111001100110011000101101001011010000011110000111101101001011010010011110000111100
1010010110100101111100001111000010010110100101101100001111000011101010101010101011111111111111111001100110011001110011001100110010100101010110101111000000001111100101100110100111000011001111001010101001010101111111110000000010011001011001101100110000110011
0101101010100101000011111111000001101001100101100011110011000011010101011010101000000000111111110110011010011001001100111100110010100101101001011111000011110000100101101001011011000011110000111010101010101010111111111111111110011001100110011100110011001100
1010010110100101111100001111000010010110100101101100001111000011101010101010101011111111111111111001100110011001110011001100110001011010101001010000111111110000011010011001011000111100110000110101010110101010000000001111111101100110100110010011001111001100
1010010101011010111100000000111110010110011010011100001100111100101010100101010111111111000000001001100101100110110011000011001110100101101001011111000011110000100101101001011011000011110000111010101010101010111111111111111110011001100110011100110011001100
0110011001100110001100110011001110101010101010101111111111111111011010010110100100111100001111001010010110100101111100001111000001100110100110010011001111001100101010100101010111111111000000000110100110010110001111001100001110100101010110101111000000001111
1001100101100110110011000011001101010101101010100000000011111111100101100110100111000011001111000101101010100101000011111111000001100110011001100011001100110011101010101010101011111111111111110110100101101001001111000011110010100101101001011111000011110000
0110011001100110001100110011001110101010101010101111111111111111011010010110100100111100001111001010010110100101111100001111000010011001011001101100110000110011010101011010101000000000111111111001011001101001110000110011110001011010101001010000111111110000
0110011010011001001100111100110010101010010101011111111100000000011010011001011000111100110000111010010101011010111100000000111101100110011001100011001100110011101010101010101011111111111111110110100101101001001111000011110010100101101001011111000011110000
1001011010010110110000111100001101011010010110100000111100001111011001100110011000110011001100111010101010101010111111111111111110010110011010011100001100111100010110101010010100001111111100000110011010011001001100111100110010101010010101011111111100000000
0110100110010110001111001100001110100101010110101111000000001111100110010110011011001100001100110101010110101010000000001111111110010110100101101100001111000011010110100101101000001111000011110110011001100110001100110011001110101010101010101111111111111111
1001011010010110110000111100001101011010010110100000111100001111011001100110011000110011001100111010101010101010111111111111111101101001100101100011110011000011101001010101101011110000000011111001100101100110110011000011001101010101101010100000000011111111
1001011001101001110000110011110001011010101001010000111111110000011001101001100100110011110011001010101001010101111111110000000010010110100101101100001111000011010110100101101000001111000011110110011001100110001100110011001110101010101010101111111111111111
0110011001100110001100110011001110101010101010101111111111111111100101101001011011000011110000110101101001011010000011110000111101100110100110010011001111001100101010100101010111111111000000001001011001101001110000110011110001011010101001010000111111110000
1001100101100110110011000011001101010101101010100000000011111111011010011001011000111100110000111010010101011010111100000000111101100110011001100011001100110011101010101010101011111111111111111001011010010110110000111100001101011010010110100000111100001111
0110011001100110001100110011001110101010101010101111111111111111100101101001011011000011110000110101101001011010000011110000111110011001011001101100110000110011010101011010101000000000111111110110100110010110001111001100001110100101010110101111000000001111
0110011010011001001100111100110010101010010101011111111100000000100101100110100111000011001111000101101010100101000011111111000001100110011001100011001100110011101010101010101011111111111111111001011010010110110000111100001101011010010110100000111100001111
0110100101101001001111000011110010100101101001011111000011110000011001100110011000110011001100111010101010101010111111111111111101101001100101100011110011000011101001010101101011110000000011110110011010011001001100111100110010101010010101011111111100000000
1001011001101001110000110011110001011010101001010000111111110000100110010110011011001100001100110101010110101010000000001111111101101001011010010011110000111100101001011010010111110000111100000110011001100110001100110011001110101010101010101111111111111111
0110100101101001001111000011110010100101101001011111000011110000011001100110011000110011001100111010101010101010111111111111111110010110011010011100001100111100010110101010010100001111111100001001100101100110110011000011001101010101101010100000000011111111
0110100110010110001111001100001110100101010110101111000000001111011001101001100100110011110011001010101001010101111111110000000001101001011010010011110000111100101001011010010111110000111100000110011001100110001100110011001110101010101010101111111111111111
1010101010101010111111111111111101100110011001100011001100110011101001011010010111110000111100000110100101101001001111000011110010101010010101011111111100000000011001101001100100110011110011001010010101011010111100000000111101101001100101100011110011000011
0101010110101010000000001111111110011001011001101100110000110011010110101010010100001111111100001001011001101001110000110011110010101010101010101111111111111111011001100110011000110011001100111010010110100101111100001111000001101001011010010011110000111100
1010101010101010111111111111111101100110011001100011001100110011101001011010010111110000111100000110100101101001001111000011110001010101101010100000000011111111100110010110011011001100001100110101101010100101000011111111000010010110011010011100001100111100
1010101001010101111111110000000001100110100110010011001111001100101001010101101011110000000011110110100110010110001111001100001110101010101010101111111111111111011001100110011000110011001100111010010110100101111100001111000001101001011010010011110000111100
0101101001011010000011110000111110010110100101101100001111000011101010101010101011111111111111110110011001100110001100110011001101011010101001010000111111110000100101100110100111000011001111001010101001010101111111110000000001100110100110010011001111001100
1010010101011010111100000000111101101001100101100011110011000011010101011010101000000000111111111001100101100110110011000011001101011010010110100000111100001111100101101001011011000011110000111010101010101010111111111111111101100110011001100011001100110011
0101101001011010000011110000111110010110100101101100001111000011101010101010101011111111111111110110011001100110001100110011001110100101010110101111000000001111011010011001011000111100110000110101010110101010000000001111111110011001011001101100110000110011
0101101010100101000011111111000010010110011010011100001100111100101010100101010111111111000000000110011010011001001100111100110001011010010110100000111100001111100101101001011011000011110000111010101010101010111111111111111101100110011001100011001100110011
1010101010101010111111111111111101100110011001100011001100110011010110100101101000001111000011111001011010010110110000111100001110101010010101011111111100000000011001101001100100110011110011000101101010100101000011111111000010010110011010011100001100111100
0101010110101010000000001111111110011001011001101100110000110011101001010101101011110000000011110110100110010110001111001100001110101010101010101111111111111111011001100110011000110011001100110101101001011010000011110000111110010110100101101100001111000011
1010101010101010111111111111111101100110011001100011001100110011010110100101101000001111000011111001011010010110110000111100001101010101101010100000000011111111100110010110011011001100001100111010010101011010111100000000111101101001100101100011110011000011
1010101001010101111111110000000001100110100110010011001111001100010110101010010100001111111100001001011001101001110000110011110010101010101010101111111111111111011001100110011000110011001100110101101001011010000011110000111110010110100101101100001111000011
1010010110100101111100001111000001101001011010010011110000111100101010101010101011111111111111110110011001100110001100110011001110100101010110101111000000001111011010011001011000111100110000111010101001010101111111110000000001100110100110010011001111001100
0101101010100101000011111111000010010110011010011100001100111100010101011010101000000000111111111001100101100110110011000011001110100101101001011111000011110000011010010110100100111100001111001010101010101010111111111111111101100110011001100011001100110011
1010010110100101111100001111000001101001011010010011110000111100101010101010101011111111111111110110011001100110001100110011001101011010101001010000111111110000100101100110100111000011001111000101010110101010000000001111111110011001011001101100110000110011
1010010101011010111100000000111101101001100101100011110011000011101010100101010111111111000000000110011010011001001100111100110010100101101001011111000011110000011010010110100100111100001111001010101010101010111111111111111101100110011001100011001100110011
1001100110011001110011001100110010101010101010101111111111111111100101101001011011000011110000111010010110100101111100001111000010011001011001101100110000110011101010100101010111111111000000001001011001101001110000110011110010100101010110101111000000001111
0110011010011001001100111100110001010101101010100000000011111111011010011001011000111100110000110101101010100101000011111111000010011001100110011100110011001100101010101010101011111111111111111001011010010110110000111100001110100101101001011111000011110000
1001100110011001110011001100110010101010101010101111111111111111100101101001011011000011110000111010010110100101111100001111000001100110100110010011001111001100010101011010101000000000111111110110100110010110001111001100001101011010101001010000111111110000
1001100101100110110011000011001110101010010101011111111100000000100101100110100111000011001111001010010101011010111100000000111110011001100110011100110011001100101010101010101011111111111111111001011010010110110000111100001110100101101001011111000011110000
0110100101101001001111000011110001011010010110100000111100001111100110011001100111001100110011001010101010101010111111111111111101101001100101100011110011000011010110101010010100001111111100001001100101100110110011000011001110101010010101011111111100000000
1001011001101001110000110011110010100101010110101111000000001111011001101001100100110011110011000101010110101010000000001111111101101001011010010011110000111100010110100101101000001111000011111001100110011001110011001100110010101010101010101111111111111111
0110100101101001001111000011110001011010010110100000111100001111100110011001100111001100110011001010101010101010111111111111111110010110011010011100001100111100101001010101101011110000000011110110011010011001001100111100110001010101101010100000000011111111
0110100110010110001111001100001101011010101001010000111111110000100110010110011011001100001100111010101001010101111111110000000001101001011010010011110000111100010110100101101000001111000011111001100110011001110011001100110010101010101010101111111111111111
1001100110011001110011001100110010101010101010101111111111111111011010010110100100111100001111000101101001011010000011110000111110011001011001101100110000110011101010100101010111111111000000000110100110010110001111001100001101011010101001010000111111110000
0110011010011001001100111100110001010101101010100000000011111111100101100110100111000011001111001010010101011010111100000000111110011001100110011100110011001100101010101010101011111111111111110110100101101001001111000011110001011010010110100000111100001111
1001100110011001110011001100110010101010101010101111111111111111011010010110100100111100001111000101101001011010000011110000111101100110100110010011001111001100010101011010101000000000111111111001011001101001110000110011110010100101010110101111000000001111
1001100101100110110011000011001110101010010101011111111100000000011010011001011000111100110000110101101010100101000011111111000010011001100110011100110011001100101010101010101011111111111111110110100101101001001111000011110001011010010110100000111100001111
1001011010010110110000111100001110100101101001011111000011110000100110011001100111001100110011001010101010101010111111111111111110010110011010011100001100111100101001010101101011110000000011111001100101100110110011000011001110101010010101011111111100000000
0110100110010110001111001100001101011010101001010000111111110000011001101001100100110011110011000101010110101010000000001111111110010110100101101100001111000011101001011010010111110000111100001001100110011001110011001100110010101010101010101111111111111111
1001011010010110110000111100001110100101101001011111000011110000100110011001100111001100110011001010101010101010111111111111111101101001100101100011110011000011010110101010010100001111111100000110011010011001001100111100110001010101101010100000000011111111
1