1111111110101010110011001001100111110000101001011100001110010110
0000111101011010001111000110100111111111101010101100110010011001
1111111110101010110011001001100100001111010110100011110001101001
1111000010100101110000111001011011111111101010101100110010011001
0011001101100110111111111010101000111100011010011111000010100101
1100001110010110000011110101101000110011011001101111111110101010
0011001101100110111111111010101011000011100101100000111101011010
0011110001101001111100001010010100110011011001101111111110101010
1111111110101010001100110110011011110000101001010011110001101001
0000111101011010110000111001011011111111101010100011001101100110
1111111110101010001100110110011000001111010110101100001110010110
1111000010100101001111000110100111111111101010100011001101100110
1100110010011001111111111010101011000011100101101111000010100101
0011110001101001000011110101101011001100100110011111111110101010
1100110010011001111111111010101000111100011010010000111101011010
1100001110010110111100001010010111001100100110011111111110101010
0101010111111111011001101100110001011010111100000110100111000011
1010010100001111100101100011110001010101111111110110011011001100
0101010111111111011001101100110010100101000011111001011000111100
0101101011110000011010011100001101010101111111110110011011001100
1001100100110011010101011111111110010110001111000101101011110000
0110100111000011101001010000111110011001001100110101010111111111
1001100100110011010101011111111101101001110000111010010100001111
1001011000111100010110101111000010011001001100110101010111111111
0101010111111111100110010011001101011010111100001001011000111100
1010010100001111011010011100001101010101111111111001100100110011
0101010111111111100110010011001110100101000011110110100111000011
0101101011110000100101100011110001010101111111111001100100110011
0110011011001100010101011111111101101001110000110101101011110000
1001011000111100101001010000111101100110110011000101010111111111
0110011011001100010101011111111110010110001111001010010100001111
0110100111000011010110101111000001100110110011000101010111111111
1111111101010101110011000110011011110000010110101100001101101001
0000111110100101001111001001011011111111010101011100110001100110
1111111101010101110011000110011000001111101001010011110010010110
1111000001011010110000110110100111111111010101011100110001100110
0011001110011001111111110101010100111100100101101111000001011010
1100001101101001000011111010010100110011100110011111111101010101
0011001110011001111111110101010111000011011010010000111110100101
0011110010010110111100000101101000110011100110011111111101010101
1111111101010101001100111001100111110000010110100011110010010110
0000111110100101110000110110100111111111010101010011001110011001
1111111101010101001100111001100100001111101001011100001101101001
1111000001011010001111001001011011111111010101010011001110011001
1100110001100110111111110101010111000011011010011111000001011010
0011110010010110000011111010010111001100011001101111111101010101
1100110001100110111111110101010100111100100101100000111110100101
1100001101101001111100000101101011001100011001101111111101010101
1010101011111111100110011100110010100101111100001001011011000011
0101101000001111011010010011110010101010111111111001100111001100
1010101011111111100110011100110001011010000011110110100100111100
1010010111110000100101101100001110101010111111111001100111001100
0110011000110011101010101111111101101001001111001010010111110000
1001011011000011010110100000111101100110001100111010101011111111
0110011000110011101010101111111110010110110000110101101000001111
0110100100111100101001011111000001100110001100111010101011111111
1010101011111111011001100011001110100101111100000110100100111100
0101101000001111100101101100001110101010111111110110011000110011
1010101011111111011001100011001101011010000011111001011011000011
1010010111110000011010010011110010101010111111110110011000110011
1001100111001100101010101111111110010110110000111010010111110000
0110100100111100010110100000111110011001110011001010101011111111
1001100111001100101010101111111101101001001111000101101000001111
1001011011000011101001011111000010011001110011001010101011111111
