0:	6.3e-07, 4.8e-07, 4.5e-07, 5.5e-07, 3.3e-07, 4.8e-07, 6.8e-07, 6.3e-07, 5e-07, 5.3e-07, 4.5e-07, 4.8e-07, 6.5e-07, 4.5e-07, 2.8e-07, 3.3e-07, 3.8e-07, 4.5e-07, 7.3e-07, 5e-07, 
1:	5.5e-07, 4.3e-07, 3e-07, 4.3e-07, 5.5e-07, 5.5e-07, 4.5e-07, 6.3e-07, 4.5e-07, 3.3e-07, 3.8e-07, 5e-07, 5.3e-07, 4e-07, 5e-07, 5.5e-07, 4.5e-07, 4.5e-07, 2e-07, 3.3e-07, 
2:	5.5e-07, 6.3e-07, 7.3e-07, 6.3e-07, 6.3e-07, 6.5e-07, 6.3e-07, 6.3e-07, 4.5e-07, 4.8e-07, 4.5e-07, 4.8e-07, 6e-07, 5.3e-07, 4.5e-07, 3.3e-07, 3.3e-07, 4e-07, 5e-07, 4.5e-07, 
3:	5e-07, 7.8e-07, 5.5e-07, 6.3e-07, 7.5e-07, 8e-07, 4.5e-07, 5.5e-07, 4.5e-07, 5.3e-07, 6.3e-07, 6.8e-07, 5e-07, 5e-07, 5.5e-07, 5.3e-07, 5.5e-07, 4.5e-07, 4e-07, 6e-07, 
4:	7.5e-07, 6e-07, 7.3e-07, 5e-07, 4e-07, 5e-07, 5.5e-07, 4.8e-07, 6.3e-07, 4.8e-07, 5.5e-07, 3e-07, 4.8e-07, 5.5e-07, 5.5e-07, 5.3e-07, 4.8e-07, 3.8e-07, 6e-07, 4.8e-07, 
5:	4.8e-07, 4.5e-07, 5e-07, 3.3e-07, 3.8e-07, 5.3e-07, 6.8e-07, 8e-07, 8.8e-07, 1.23e-06, 1.25e-06, 1.03e-06, 7.5e-07, 6.8e-07, 4.5e-07, 4.3e-07, 5e-07, 4.3e-07, 4.8e-07, 4.8e-07, 
6:	3.3e-07, 2e-07, 3e-07, 4.8e-07, 4e-07, 2.5e-07, 9e-07, 1.53e-06, 2.68e-06, 2.65e-06, 2.25e-06, 1.78e-06, 9.3e-07, 6.3e-07, 6.5e-07, 4.5e-07, 5.5e-07, 5.5e-07, 6e-07, 4.5e-07, 
7:	5.3e-07, 4.5e-07, 5.5e-07, 3.8e-07, 4.3e-07, 5e-07, 1.9e-06, 3.63e-06, 5.4e-06, 5.4e-06, 4.38e-06, 2.68e-06, 1.7e-06, 1.13e-06, 8e-07, 6e-07, 5.5e-07, 4.3e-07, 4.5e-07, 5e-07, 
8:	6.3e-07, 5.5e-07, 4.8e-07, 4.8e-07, 7.3e-07, 8e-07, 2.8e-06, 5.75e-06, 8.85e-06, 8.3e-06, 6.73e-06, 3.88e-06, 2.45e-06, 1.23e-06, 9.3e-07, 6e-07, 6e-07, 4.3e-07, 5.3e-07, 4.5e-07, 
9:	6.8e-07, 4e-07, 6.8e-07, 5.5e-07, 5e-07, 1e-06, 3.88e-06, 7.15e-06, 1.093e-05, 1.023e-05, 8.38e-06, 4.93e-06, 2.78e-06, 1.23e-06, 1.13e-06, 7.5e-07, 6.3e-07, 7.3e-07, 5e-07, 4.8e-07, 
10:	5.3e-07, 5.3e-07, 5e-07, 6.3e-07, 4.3e-07, 1.28e-06, 4.53e-06, 8.25e-06, 1.153e-05, 1.028e-05, 8.2e-06, 4.65e-06, 2.55e-06, 1.23e-06, 8e-07, 6.8e-07, 6.5e-07, 5e-07, 5.3e-07, 5.5e-07, 
11:	6.3e-07, 4.5e-07, 6.3e-07, 4.8e-07, 4.5e-07, 1.35e-06, 4.4e-06, 7.33e-06, 1.008e-05, 8.48e-06, 6.55e-06, 3.93e-06, 2.35e-06, 1.1e-06, 8.5e-07, 6.3e-07, 3.3e-07, 2.5e-07, 3.3e-07, 4.5e-07, 
12:	4e-07, 3e-07, 3.8e-07, 4.5e-07, 6e-07, 1.5e-06, 3.8e-06, 5.65e-06, 7.05e-06, 6.25e-06, 4.65e-06, 2.9e-06, 1.78e-06, 9.3e-07, 8e-07, 6.5e-07, 5.5e-07, 4e-07, 4.5e-07, 3.8e-07, 
13:	6e-07, 6.5e-07, 6e-07, 4.8e-07, 5.5e-07, 1.35e-06, 2.9e-06, 3.65e-06, 4.13e-06, 3.63e-06, 2.93e-06, 1.75e-06, 1.23e-06, 5.3e-07, 4.8e-07, 5.5e-07, 4.3e-07, 3.8e-07, 5e-07, 4.8e-07, 
14:	6.3e-07, 7.5e-07, 6.3e-07, 4.5e-07, 5e-07, 8.8e-07, 1.9e-06, 2.18e-06, 2.35e-06, 2.43e-06, 1.73e-06, 1.25e-06, 9e-07, 5.5e-07, 5.5e-07, 5.5e-07, 4.5e-07, 6e-07, 5e-07, 5.5e-07, 
15:	5e-07, 4.5e-07, 6.8e-07, 4e-07, 7.5e-07, 7.5e-07, 1.25e-06, 9.8e-07, 1.23e-06, 1.13e-06, 9.3e-07, 8e-07, 8.5e-07, 5.5e-07, 3.8e-07, 4.3e-07, 4.3e-07, 4.5e-07, 2e-07, 3.8e-07, 
16:	5.5e-07, 6.3e-07, 6.5e-07, 4.8e-07, 4.3e-07, 5.3e-07, 7.5e-07, 8.5e-07, 6.8e-07, 5.3e-07, 5e-07, 5.5e-07, 4.3e-07, 5e-07, 6.3e-07, 4.8e-07, 4.8e-07, 5.5e-07, 3.3e-07, 2.8e-07, 
17:	3.3e-07, 5.3e-07, 4.5e-07, 4.8e-07, 5e-07, 5.3e-07, 6.5e-07, 5.3e-07, 6.3e-07, 3.3e-07, 5.5e-07, 5.5e-07, 6.5e-07, 4e-07, 4.5e-07, 5e-07, 3.8e-07, 3.3e-07, 4.3e-07, 2e-07, 
18:	3e-07, 2.5e-07, 4.8e-07, 6.5e-07, 4.3e-07, 3e-07, 4.5e-07, 3.3e-07, 3.3e-07, 5e-07, 5e-07, 2.5e-07, 2e-07, 3.8e-07, 3.3e-07, 3.3e-07, 1.8e-07, 1.3e-07, 2.5e-07, 5e-07, 
19:	5.5e-07, 3.8e-07, 4e-07, 5.5e-07, 6.3e-07, 6.3e-07, 5.3e-07, 4.5e-07, 6.5e-07, 5.3e-07, 6.3e-07, 3e-07, 3.3e-07, 4.5e-07, 4.5e-07, 5.5e-07, 6e-07, 4.8e-07, 2.8e-07, 4e-07, 
